epoch:0; SSE:15792.8; MSE: 0.987051
epoch:1; SSE:15791.5; MSE: 0.986972
