epoch:0; SSE:4388; MSE: 0.27425
epoch:1; SSE:2910.38; MSE: 0.181899
epoch:2; SSE:2454.38; MSE: 0.153399
