epoch:0; SSE:569.474; MSE: 0.142369
epoch:0; SSE:569.474; MSE: 0.142369
epoch:0; SSE:569.474; MSE: 0.142369
